bracco0 84,44,187,147
bracco1 861,971,2107,2217
bracco2 112,84,270,242
bracco3 47,56,175,184
bracco4 124,93,318,287
bracco5 141,83,291,233
bracco6 163,106,319,262
bracco7 72,78,214,220
bracco8 282,111,385,214
bracco9 44,97,212,265
bracco10 130,71,276,217
bracco11 110,83,239,212
bracco12 196,113,355,272
bracco13 114,66,231,183
bracco14 201,71,319,189
bracco15 123,135,331,343
bracco16 534,128,983,577
bracco17 127,91,275,239
bracco18 82,86,211,215
bracco19 328,155,689,516
bracco20 216,43,329,156
bracco21 132,93,257,218
bracco22 26,98,193,265
bracco23 127,130,314,317
bracco24 154,87,259,192
bracco25 128,71,285,228
bracco26 128,66,295,233
bracco27 78,82,252,256
bracco28 54,55,198,199
bracco29 275,109,419,253
bracco30 133,13,236,116
bracco31 31,42,164,175
bracco32 116,108,286,278
bracco33 169,95,361,287
bracco34 330,102,448,220
bracco35 113,83,263,233
bracco36 44,97,212,265
bracco37 113,105,283,275
bracco38 121,82,298,259
bracco39 109,88,299,278
bracco40 184,60,295,171
bracco41 154,194,337,377
bracco42 74,88,202,216
bracco43 70,82,203,215
bracco44 103,94,281,272
bracco45 548,358,682,492
bracco46 140,63,243,166
bracco47 201,179,519,497
bracco48 88,63,226,201
bracco49 88,45,191,148
bracco50 138,107,353,322
bracco51 105,94,284,273
bracco52 174,80,321,227
bracco53 175,28,282,135
bracco54 1120,427,1457,764
bracco55 138,71,294,227
bracco56 136,95,286,245
bracco57 100,79,264,243
bracco58 128,91,256,219
bracco59 101,58,295,252
bracco60 127,99,287,259
bracco61 157,126,367,336
bracco62 570,126,751,307
bracco63 83,34,186,137
bracco64 38,44,175,181
bracco65 168,45,271,148
bracco66 168,88,327,247
bracco67 105,95,285,275
bracco68 211,60,325,174
bracco69 108,82,304,278
bracco70 129,135,328,334
bracco71 95,107,220,232
bracco72 138,83,300,245
bracco73 86,113,236,263
bracco74 89,103,299,313
bracco75 99,125,353,379
bracco76 124,115,332,323
bracco77 284,11,541,268
bracco78 160,93,298,231
bracco79 89,83,208,202
bracco80 243,111,346,214
bracco81 139,66,247,174
bracco82 201,178,519,496
bracco83 190,98,323,231
bracco84 153,144,324,315
bracco85 76,47,202,173
bracco86 120,58,232,170
bracco87 130,111,311,292
bracco88 154,58,308,212
bracco89 71,66,241,236
bracco90 220,132,387,299
bracco91 197,147,426,376
bracco92 130,119,352,341
bracco93 101,127,260,286
bracco94 121,154,296,329
bracco95 201,109,359,267
bracco96 251,80,381,210
bracco97 138,109,271,242
bracco98 466,137,612,283
bracco99 119,114,299,294
bracco100 90,67,209,186
bracco101 130,100,306,276
bracco102 113,47,263,197
bracco103 155,115,325,285
bracco104 92,106,254,268
bracco105 193,120,456,383
bracco106 124,162,242,280
bracco107 70,101,219,250
bracco108 138,66,255,183
bracco109 85,131,262,308
bracco110 37,34,140,137
bracco111 384,109,536,261
bracco112 221,31,353,163
bracco113 149,73,260,184
bracco114 237,325,511,599
bracco115 126,88,243,205
bracco116 214,102,368,256
bracco117 83,88,240,245
bracco118 126,76,325,275
bracco119 302,52,694,444
bracco120 333,132,503,302
bracco121 123,160,328,365
bracco122 105,95,242,232
gilpin0 106,91,286,271
gilpin1 82,71,202,191
gilpin2 147,117,397,367
gilpin3 65,3,213,151
gilpin4 73,23,188,138
gilpin5 90,119,329,358
gilpin6 158,110,319,271
gilpin7 31,29,159,157
gilpin8 156,205,564,613
gilpin9 221,122,442,343
gilpin10 218,85,388,255
gilpin11 106,97,238,229
gilpin12 140,125,348,333
gilpin13 435,513,1369,1447
gilpin14 107,256,901,1050
gilpin15 216,188,463,435
gilpin16 38,45,169,176
gilpin17 234,90,429,285
gilpin18 140,106,262,228
gilpin19 60,89,195,224
gilpin20 44,128,244,328
gilpin21 135,139,366,370
gilpin22 546,145,734,333
gilpin23 145,77,289,221
gilpin24 133,101,287,255
gilpin25 94,33,211,150
gilpin26 114,90,331,307
gilpin27 86,112,217,243
gilpin28 306,62,439,195
gilpin29 141,104,292,255
gilpin30 25,88,167,230
gilpin31 148,116,352,320
gilpin32 76,44,192,160
gilpin33 95,124,342,371
gilpin34 76,30,179,133
gilpin35 153,49,259,155
gilpin36 22,20,163,161
gilpin37 111,93,277,259
gilpin38 17,66,139,188
gilpin39 61,34,167,140
gilpin40 101,108,312,319
gilpin41 86,110,304,328
gilpin42 15,38,129,152
gilpin43 208,86,366,244
gilpin44 71,50,185,164
gilpin45 70,133,347,410
gilpin46 76,44,192,160
gilpin47 408,125,578,295
gilpin48 128,86,262,220
gilpin49 126,52,264,190
gilpin50 415,129,669,383
gilpin51 657,114,825,282
gilpin52 45,39,155,149
gilpin53 78,72,199,193
gilpin54 71,53,208,190
gilpin55 301,236,448,383
gilpin56 73,95,268,290
gilpin57 503,214,658,369
gilpin58 122,86,242,206
gilpin59 196,140,310,254
gilpin60 101,120,265,284
gilpin61 92,50,203,161
gilpin62 72,28,184,140
gilpin63 416,420,675,679
gilpin64 84,31,192,139
gilpin65 125,51,233,159
gilpin66 75,71,205,201
gilpin67 114,96,227,209
gilpin68 324,56,427,159
gilpin69 82,40,194,152
gilpin70 107,123,258,274
gilpin71 144,77,262,195
gilpin72 57,76,175,194
gilpin73 138,60,266,188
gilpin74 91,92,234,235
gilpin75 62,66,183,187
gilpin76 192,58,307,173
gilpin77 86,96,278,288
gilpin78 283,78,404,199
gilpin79 144,75,262,193
gilpin80 189,64,299,174
gilpin81 112,42,223,153
gilpin82 91,106,266,281
gilpin83 235,78,355,198
gilpin84 93,50,205,162
gilpin85 240,23,482,265
gilpin86 58,70,181,193
gilpin87 48,72,247,271
gilpin88 185,61,292,168
gilpin89 418,342,538,462
gilpin90 48,43,158,153
harmon0 59,14,167,122
harmon1 131,67,270,206
harmon2 96,37,224,165
harmon3 557,470,1118,1031
harmon4 644,448,1497,1301
harmon5 244,228,554,538
harmon6 482,290,922,730
harmon7 107,92,334,319
harmon8 136,148,342,354
harmon9 224,375,709,860
harmon10 309,325,707,723
harmon11 828,769,1955,1896
harmon12 456,434,1473,1451
harmon13 115,142,295,322
harmon14 130,36,233,139
harmon15 112,64,235,187
harmon16 73,33,181,141
harmon17 563,503,951,891
harmon18 329,171,808,650
harmon19 866,469,1630,1233
harmon20 105,66,267,228
harmon21 151,55,329,233
harmon22 463,359,1584,1480
harmon23 697,464,1413,1180
harmon24 416,115,619,318
harmon25 158,138,376,356
harmon26 334,203,708,577
harmon27 284,304,807,827
harmon28 63,52,176,165
harmon29 333,569,1514,1750
harmon30 107,61,226,180
harmon31 79,83,223,227
harmon32 292,267,723,698
harmon33 107,38,212,143
harmon34 103,62,384,343
harmon35 145,128,347,330
harmon36 528,157,828,457
harmon37 157,62,307,212
harmon38 545,459,1324,1238
harmon39 51,66,177,192
harmon40 95,53,207,165
harmon41 132,95,278,241
harmon42 675,316,990,631
harmon43 122,124,288,290
harmon44 192,154,680,642
harmon45 361,179,695,513
harmon46 85,120,296,331
harmon47 217,96,390,269
harmon48 283,127,591,435
harmon49 117,67,242,192
harmon50 336,121,450,235
harmon51 519,79,751,311
harmon52 355,224,764,633
harmon53 186,83,374,271
harmon54 64,120,216,272
harmon55 103,112,345,354
harmon56 79,85,246,252
harmon57 78,33,190,145
harmon58 468,526,1387,1445
harmon59 475,218,750,493
harmon60 509,315,810,616
harmon61 836,354,1118,636
harmon62 113,70,258,215
harmon63 1675,525,2733,1583
harmon64 320,225,742,647
harmon65 193,146,599,552
harmon66 232,394,778,940
harmon67 175,235,446,506
harmon68 129,88,274,233
harmon69 86,171,319,404
harmon70 133,63,256,186
harmon71 184,174,592,582
harmon72 298,172,594,468
harmon73 277,465,826,1014
harmon74 324,64,434,174
harmon75 39,59,153,173
harmon76 276,194,381,299
harmon77 260,178,371,289
harmon78 145,182,428,465
harmon79 305,280,878,853
harmon80 272,424,912,1064
harmon81 243,193,511,461
harmon82 405,25,596,216
harmon83 163,91,334,262
harmon84 557,470,1118,1031
harmon85 677,374,1138,835
harmon86 504,573,1244,1313
harmon87 120,237,528,645
harmon88 144,73,268,197
harmon89 112,55,235,178
harmon90 118,123,330,335
harmon91 608,172,821,385
harmon92 132,93,290,251
harmon93 305,157,605,457
harmon94 153,167,451,465
harmon95 90,30,193,133
harmon96 156,104,440,388
harmon97 348,177,538,367
harmon98 651,823,1776,1948
harmon99 85,83,255,253
harmon100 647,438,884,675
harmon101 368,115,501,248
harmon102 240,81,386,227
harmon103 399,121,673,395
harmon104 436,943,1852,2359
harmon105 184,123,352,291
harmon106 93,56,230,193
harmon107 169,88,329,248
harmon108 269,116,511,358
harmon109 162,99,354,291
harmon110 275,165,386,276
harmon111 275,266,920,911
harmon112 759,397,1121,759
harmon113 259,330,828,899
harmon114 421,176,649,404
harmon115 187,84,375,272
harmon116 232,91,405,264
harmon117 92,130,341,379
harmon118 217,99,375,257
harmon119 146,131,338,323
harmon120 673,122,934,383
harmon121 961,170,1188,397
harmon122 131,74,265,208
harmon123 453,183,641,371
harmon124 437,160,551,274
harmon125 114,113,262,261
harmon126 479,119,625,265
harmon127 298,171,549,422
harmon128 528,315,871,658
harmon129 86,79,257,250
harmon130 286,59,465,238
harmon131 118,67,242,191
harmon132 125,64,304,243
baldwin0 1111,1116,2869,2874
baldwin1 78,21,236,179
baldwin2 113,20,268,175
baldwin3 331,242,753,664
baldwin4 48,56,254,262
baldwin5 98,146,321,369
baldwin6 32,90,228,286
baldwin7 245,189,546,490
baldwin8 179,242,475,538
baldwin9 193,256,579,642
baldwin10 183,81,394,292
baldwin11 220,131,448,359
baldwin12 384,60,496,172
baldwin13 20,83,191,254
baldwin14 209,250,659,700
baldwin15 240,293,538,591
baldwin16 1460,940,2354,1834
baldwin17 289,189,684,584
baldwin18 168,74,327,233
baldwin19 649,651,1882,1884
baldwin20 130,143,355,368
baldwin21 175,117,424,366
baldwin22 38,141,330,433
baldwin23 96,67,228,199
baldwin24 146,48,278,180
baldwin25 181,261,549,629
baldwin26 208,55,505,352
baldwin27 130,122,354,346
baldwin28 161,46,307,192
baldwin29 204,64,486,346
baldwin30 93,71,218,196
baldwin31 16,89,232,305
baldwin32 60,59,188,187
baldwin33 176,151,484,459
baldwin34 557,257,896,596
baldwin35 222,90,402,270
baldwin36 96,96,321,321
baldwin37 223,58,591,426
baldwin38 188,102,370,284
baldwin39 70,38,258,226
baldwin40 223,202,575,554
baldwin41 209,343,857,991
baldwin42 657,506,1592,1441
baldwin43 265,239,702,676
baldwin44 260,591,1184,1515
baldwin45 68,45,204,181
baldwin46 176,230,487,541
baldwin47 493,396,1192,1095
baldwin48 402,584,2193,2375
baldwin49 135,89,425,379
baldwin50 243,167,460,384
baldwin51 65,35,173,143
baldwin52 145,36,266,157
baldwin53 215,78,349,212
baldwin54 206,318,866,978
baldwin55 106,122,355,371
baldwin56 224,184,441,401
baldwin57 209,165,410,366
baldwin58 81,114,309,342
baldwin59 22,108,216,302
baldwin60 85,142,323,380
baldwin61 41,32,161,152
baldwin62 642,548,1471,1377
baldwin63 223,39,395,211
baldwin64 623,211,1107,695
baldwin65 96,77,285,266
baldwin66 91,141,328,378
baldwin67 344,516,1097,1269
baldwin68 402,229,770,597
baldwin69 41,123,253,335
baldwin70 43,87,199,243
baldwin71 198,68,368,238
baldwin72 51,133,279,361
baldwin73 167,82,304,219
baldwin74 803,174,1046,417
baldwin75 265,119,496,350
baldwin76 371,237,856,722
baldwin77 258,375,831,948
baldwin78 56,160,325,429
baldwin79 162,72,329,239
baldwin80 144,115,337,308
baldwin81 138,49,279,190
baldwin82 358,52,702,396
baldwin83 354,54,464,164
baldwin84 54,89,225,260
baldwin85 161,104,404,347
baldwin86 65,47,198,180
baldwin87 187,122,440,375
baldwin88 127,164,386,423
baldwin89 243,54,378,189
baldwin90 189,116,375,302
baldwin91 63,88,193,218
baldwin92 341,79,482,220
baldwin93 84,22,339,277
baldwin94 155,46,260,151
baldwin95 182,129,435,382
baldwin96 251,60,390,199
baldwin97 291,137,625,471
baldwin98 133,3,326,196
baldwin99 282,66,390,174
baldwin100 23,93,199,269
baldwin101 208,93,319,204
baldwin102 243,71,596,424
baldwin103 97,75,251,229
baldwin104 304,99,474,269
baldwin105 120,33,252,165
baldwin106 105,41,225,161
baldwin107 202,91,421,310
baldwin108 357,76,603,322
baldwin109 150,28,347,225
baldwin110 76,58,207,189
baldwin111 237,15,523,301
baldwin112 110,114,315,319
baldwin113 47,83,168,204
baldwin114 161,65,292,196
baldwin115 127,60,309,242
baldwin116 188,109,328,249
baldwin117 163,72,327,236
baldwin118 131,93,271,233
baldwin119 150,44,253,147
baldwin120 56,79,220,243
baldwin121 157,47,274,164
baldwin122 202,47,402,247
baldwin123 159,93,303,237
baldwin124 275,101,432,258
baldwin125 99,38,209,148
baldwin126 146,41,257,152
baldwin127 209,70,312,173
baldwin128 191,90,366,265
baldwin129 104,66,215,177
baldwin130 69,61,223,215
baldwin131 165,73,288,196
baldwin132 112,99,233,220
baldwin133 58,73,210,225
baldwin134 167,28,276,137
baldwin135 36,55,156,175
baldwin136 28,88,240,300
baldwin137 207,34,318,145
baldwin138 116,34,225,143
hader0 127,137,319,329
hader1 66,40,175,149
hader2 61,43,172,154
hader3 145,60,370,285
hader4 148,116,341,309
hader5 142,13,369,240
hader6 437,216,754,533
hader7 491,465,1059,1033
hader8 220,43,389,212
hader9 508,425,1094,1011
hader10 72,30,175,133
hader11 154,85,295,226
hader12 79,44,194,159
hader13 246,69,361,184
hader14 99,49,222,172
hader15 366,185,614,433
hader16 230,144,398,312
hader17 340,49,532,241
hader18 229,75,361,207
hader19 157,47,274,164
hader20 92,142,313,363
hader21 188,41,304,157
hader22 893,266,1222,595
hader23 422,157,570,305
hader24 210,115,375,280
hader25 218,109,366,257
hader26 203,242,587,626
hader27 204,9,390,195
hader28 349,212,782,645
hader29 189,75,339,225
hader30 181,268,808,895
hader31 174,153,348,327
hader32 193,99,344,250
hader33 261,100,388,227
hader34 236,36,471,271
hader35 140,161,319,340
hader36 249,69,361,181
hader37 284,126,923,765
hader38 156,124,332,300
hader39 118,47,221,150
hader40 543,71,1026,554
hader41 81,33,205,157
hader42 590,176,983,569
hader43 202,242,586,626
hader44 810,305,1371,866
hader45 138,102,288,252
hader46 249,318,717,786
hader47 150,43,256,149
hader48 88,45,207,164
hader49 80,64,199,183
hader50 92,44,195,147
hader51 255,57,399,201
hader52 120,222,364,466
hader53 208,84,336,212
hader54 384,126,558,300
hader55 199,49,321,171
hader56 252,103,420,271
hader57 159,58,262,161
hader58 94,110,237,253
hader59 118,102,298,282
hader60 101,83,278,260
hader61 279,120,429,270
hader62 168,45,284,161
hader63 221,81,346,206
hader64 275,209,580,514
hader65 270,90,412,232
hader66 109,131,269,291
hader67 174,86,297,209
hader68 172,41,298,167
hader69 375,184,487,296
hader70 124,98,293,267
hader71 87,180,281,374
hader72 340,159,597,416
hader73 1622,682,2244,1304
hader74 283,81,426,224
hader75 100,121,312,333
hader76 113,103,294,284
hader77 446,117,693,364
hader78 118,162,403,447
hader79 83,147,299,363
hader80 22,53,149,180
hader81 111,144,359,392
hader82 109,106,233,230
hader83 278,66,394,182
hader84 293,157,509,373
hader85 147,161,330,344
hader86 143,51,254,162
hader87 175,230,518,573
hader88 100,157,219,276
hader89 88,133,244,289
hader90 144,9,445,310
hader91 88,87,191,190
hader92 127,93,281,247
hader93 384,251,825,692
hader94 146,39,262,155
hader95 311,89,475,253
hader96 113,104,248,239
hader97 559,157,798,396
hader98 124,22,227,125
hader99 169,83,296,210
hader100 120,139,310,329
hader101 137,106,321,290
hader102 53,68,156,171
hader103 339,112,509,282
hader104 162,123,337,298
hader105 697,261,835,399
hader106 155,86,348,279
hader107 159,321,791,953
hader108 623,88,786,251
hader109 171,108,315,252
hader110 147,86,300,239
hader111 78,78,198,198
hader112 83,61,220,198
hader113 127,25,241,139
hader114 162,192,296,326
hader115 80,57,199,176
hader116 117,48,223,154
hader117 100,191,533,624
hader118 111,144,359,392
hader119 305,108,581,384
hader120 293,116,414,237
hader121 99,55,202,158
hader122 112,55,234,177
hader123 268,53,395,180
hader124 1028,233,1374,579
hader125 154,48,257,151
hader126 154,88,368,302
hader127 93,81,239,227
hader128 126,34,236,144
hader129 81,39,205,163
hader130 89,51,227,189
hader131 302,72,421,191
hader132 325,180,615,470
hader133 295,82,475,262
hader134 78,42,196,160
hader135 92,95,245,248
hader136 61,66,183,188
hader137 229,107,379,257
hader138 384,126,585,327
carell0 42,52,195,205
carell1 97,104,316,323
carell2 52,54,222,224
carell3 116,148,516,548
carell4 199,164,584,549
carell5 487,174,831,518
carell6 639,182,1167,710
carell7 120,48,251,179
carell8 47,82,319,354
carell9 129,255,712,838
carell10 54,112,279,337
carell11 418,271,802,655
carell12 268,126,637,495
carell13 142,70,314,242
carell14 659,154,997,492
carell15 98,55,269,226
carell16 126,72,309,255
carell17 89,144,418,473
carell18 865,149,1317,601
carell19 93,76,364,347
carell20 153,19,341,207
carell21 103,90,367,354
carell22 505,477,875,847
carell23 56,46,269,259
carell24 509,158,854,503
carell25 402,144,818,560
carell26 383,461,1058,1136
carell27 63,67,213,217
carell28 71,153,487,569
carell29 190,95,323,228
carell30 146,26,334,214
carell31 99,59,256,216
carell32 218,163,636,581
carell33 103,42,234,173
carell34 315,161,531,377
carell35 138,30,257,149
carell36 116,83,292,259
carell37 36,45,180,189
carell38 54,107,369,422
carell39 329,420,1235,1326
carell40 67,39,206,178
carell41 311,250,664,603
carell42 427,289,838,700
carell43 137,195,640,698
carell44 162,174,560,572
carell45 99,63,217,181
carell46 426,182,765,521
carell47 306,184,698,576
carell48 220,21,454,255
carell49 153,103,463,413
carell50 91,13,204,126
carell51 64,144,399,479
carell52 94,117,340,363
carell53 164,130,438,404
carell54 233,47,405,219
carell55 108,100,434,426
carell56 179,67,351,239
carell57 400,166,972,738
carell58 105,102,322,319
carell59 189,64,399,274
carell60 217,104,506,393
carell61 43,58,200,215
carell62 130,111,417,398
carell63 66,49,209,192
carell64 152,57,345,250
carell65 145,35,330,220
carell66 100,65,320,285
carell67 60,43,190,173
carell68 120,200,511,591
carell69 31,121,314,404
carell70 75,90,186,201
carell71 481,84,732,335
carell72 372,139,662,429
carell73 34,76,218,260
carell74 151,111,454,414
carell75 75,90,187,202
carell76 57,72,307,322
carell77 148,55,305,212
carell78 331,80,452,201
carell79 201,36,376,211
carell80 157,88,387,318
carell81 178,149,620,591
carell82 337,226,752,641
carell83 190,69,416,295
carell84 202,60,357,215
carell85 47,95,306,354
carell86 73,17,176,120
carell87 134,76,298,240
carell88 178,103,383,308
carell89 288,183,717,612
carell90 50,20,162,132
carell91 147,89,313,255
carell92 234,35,438,239
carell93 181,117,454,390
carell94 210,226,689,705
carell95 158,100,307,249
carell96 98,58,233,193
carell97 150,51,328,229
carell98 47,47,190,190
carell99 290,227,627,564
carell100 59,60,208,209
carell101 158,72,335,249
carell102 15,79,194,258
carell103 28,81,208,261
carell104 151,93,263,205
carell105 81,22,262,203
carell106 332,148,808,624
carell107 67,96,367,396
carell108 117,34,237,154
carell109 165,46,343,224
carell110 168,150,411,393
carell111 211,49,325,163
carell112 71,44,218,191
carell113 28,162,201,335
carell114 60,89,241,270
carell115 122,96,363,337
carell116 42,155,378,491
carell117 176,89,354,267
carell118 51,115,408,472
carell119 201,92,383,274
carell120 59,88,337,366
carell121 198,116,416,334
carell122 34,40,151,157
carell123 164,125,305,266
carell124 32,46,188,202
carell125 75,65,219,209
carell126 268,146,614,492
carell127 76,59,242,225
carell128 112,63,254,205
carell129 468,158,734,424
carell130 319,254,604,539
carell131 216,28,319,131
carell132 82,140,446,504
carell133 114,50,283,219
carell134 228,44,383,199
baldwin0 463,450,1785,1772
baldwin1 1111,1116,2869,2874
baldwin0 463,450,1785,1772
baldwin1 1111,1116,2869,2874
baldwin2 192,279,671,758
baldwin3 78,21,236,179
baldwin4 113,20,268,175
baldwin5 112,176,383,447
radcliffe0 186,282,712,808
radcliffe1 202,216,711,725
radcliffe2 215,184,721,690
radcliffe3 119,405,983,1269
radcliffe4 183,360,643,820
radcliffe5 239,60,454,275
radcliffe6 234,303,670,739
radcliffe7 102,123,653,674
radcliffe8 303,196,597,490
radcliffe9 301,197,732,628
radcliffe10 306,296,916,906
radcliffe11 545,460,1501,1416
radcliffe12 506,280,753,527
radcliffe13 246,122,441,317
radcliffe14 15,26,237,248
radcliffe15 339,278,821,760
radcliffe16 213,265,662,714
radcliffe17 326,323,926,923
radcliffe18 314,226,655,567
radcliffe19 266,128,723,585
radcliffe20 686,232,1014,560
radcliffe21 59,24,236,201
radcliffe22 173,106,331,264
radcliffe23 348,246,646,544
radcliffe24 444,752,1762,2070
radcliffe25 138,57,244,163
radcliffe26 91,130,458,497
radcliffe27 148,366,774,992
radcliffe28 414,217,896,699
radcliffe29 120,99,256,235
radcliffe30 140,191,538,589
radcliffe31 221,208,598,585
radcliffe32 483,411,1391,1319
radcliffe33 160,89,355,284
radcliffe34 86,126,289,329
radcliffe35 161,200,418,457
radcliffe36 207,58,318,169
radcliffe37 192,225,553,586
radcliffe38 379,213,802,636
radcliffe39 337,312,755,730
radcliffe40 194,179,923,908
radcliffe41 196,64,422,290
radcliffe42 102,81,256,235
radcliffe43 430,323,704,597
radcliffe44 97,53,256,212
radcliffe45 148,121,493,466
radcliffe46 300,54,777,531
radcliffe47 55,96,250,291
radcliffe48 217,213,559,555
radcliffe49 221,240,519,538
radcliffe50 115,152,909,946
radcliffe51 262,340,764,842
radcliffe52 305,74,664,433
radcliffe53 57,62,181,186
radcliffe54 104,23,572,491
radcliffe55 625,649,1188,1212
radcliffe56 156,100,337,281
radcliffe57 237,331,863,957
radcliffe58 542,245,1009,712
radcliffe59 1338,302,1990,954
radcliffe60 250,190,548,488
radcliffe61 158,499,948,1289
radcliffe62 48,87,166,205
radcliffe63 116,82,245,211
radcliffe64 284,339,864,919
radcliffe65 455,162,741,448
radcliffe66 154,157,359,362
radcliffe67 317,34,478,195
radcliffe68 365,100,568,303
radcliffe69 218,101,435,318
radcliffe70 60,92,272,304
radcliffe71 152,46,261,155
radcliffe72 321,161,658,498
radcliffe73 1110,401,1434,725
radcliffe74 421,207,754,540
radcliffe75 592,431,1347,1186
radcliffe76 359,388,1269,1298
radcliffe77 90,114,661,685
radcliffe78 51,128,323,400
radcliffe79 679,225,1021,567
radcliffe80 660,325,1169,834
radcliffe81 247,192,586,531
radcliffe82 88,104,302,318
radcliffe83 175,113,310,248
radcliffe84 401,264,748,611
radcliffe85 134,26,404,296
radcliffe86 232,201,513,482
radcliffe87 351,512,1367,1528
radcliffe88 189,75,299,185
radcliffe89 501,144,761,404
radcliffe90 128,272,654,798
radcliffe91 394,115,507,228
radcliffe92 125,78,349,302
radcliffe93 95,59,203,167
radcliffe94 95,306,694,905
radcliffe95 125,137,463,475
radcliffe96 679,225,1021,567
radcliffe97 68,206,415,553
radcliffe98 117,34,325,242
radcliffe99 235,311,748,824
radcliffe100 93,116,268,291
radcliffe101 266,128,723,585
radcliffe102 630,267,1005,642
radcliffe103 110,103,256,249
radcliffe104 285,118,680,513
radcliffe105 270,81,467,278
radcliffe106 165,189,329,353
radcliffe107 195,259,560,624
radcliffe108 240,114,491,365
radcliffe109 80,65,211,196
radcliffe110 140,46,251,157
radcliffe111 128,260,603,735
radcliffe112 332,374,907,949
radcliffe113 124,80,346,302
radcliffe114 135,269,476,610
radcliffe115 293,219,787,713
radcliffe116 112,104,307,299
radcliffe117 204,322,729,847
radcliffe118 235,32,439,236
radcliffe119 197,19,327,149
radcliffe120 76,64,228,216
radcliffe121 116,67,241,192
radcliffe122 534,157,839,462
radcliffe123 88,86,223,221
radcliffe124 124,75,243,194
radcliffe125 148,155,405,412
radcliffe126 69,103,272,306
radcliffe127 109,97,381,369
radcliffe128 129,68,289,228
radcliffe129 349,167,501,319
radcliffe130 67,31,170,134
radcliffe131 146,72,282,208
radcliffe132 245,182,607,544
radcliffe133 352,94,487,229
radcliffe134 78,31,192,145
radcliffe135 427,182,586,341
radcliffe136 178,60,386,268
radcliffe137 54,44,165,155
radcliffe138 132,60,328,256
radcliffe139 148,84,313,249
radcliffe140 67,130,232,295
radcliffe141 67,75,382,390
radcliffe142 151,10,339,198
radcliffe143 259,214,641,596
radcliffe144 106,72,220,186
radcliffe145 249,95,488,334
radcliffe146 177,42,303,168
radcliffe147 97,74,221,198
radcliffe148 190,39,298,147
radcliffe149 155,190,448,483
radcliffe150 124,55,252,183
butler0 87,45,206,164
butler1 486,177,1058,749
butler2 151,115,403,367
butler3 354,255,1040,941
butler4 110,57,279,226
butler5 584,688,1756,1860
butler6 420,397,1479,1456
butler7 211,311,741,841
butler8 192,228,581,617
butler9 154,246,655,747
butler10 537,127,857,447
butler11 200,203,650,653
butler12 169,267,619,717
butler13 347,266,689,608
butler14 175,74,369,268
butler15 98,48,212,162
butler16 116,199,951,1034
butler17 103,43,214,154
butler18 117,235,525,643
butler19 278,255,691,668
butler20 281,216,600,535
butler21 416,426,1317,1327
butler22 242,241,648,647
butler23 289,152,601,464
butler24 692,203,1290,801
butler25 284,269,795,780
butler26 334,546,1258,1470
butler27 190,130,434,374
butler28 158,58,288,188
butler29 69,105,282,318
butler30 76,399,772,1095
butler31 419,176,719,476
butler32 362,338,1131,1107
butler33 220,54,335,169
butler34 135,94,312,271
butler35 342,301,799,758
butler36 133,485,755,1107
butler37 497,512,1493,1508
butler38 527,150,846,469
butler39 256,223,568,535
butler40 121,398,770,1047
butler41 410,134,679,403
butler42 166,52,283,169
butler43 615,210,901,496
butler44 366,184,678,496
butler45 520,101,888,469
butler46 148,176,498,526
butler47 58,64,183,189
butler48 127,40,236,149
butler49 61,24,187,150
butler50 169,168,570,569
butler51 223,164,662,603
butler52 163,261,528,626
butler53 90,104,364,378
butler54 82,65,205,188
butler55 509,152,732,375
butler56 307,203,807,703
butler57 155,60,321,226
butler58 54,123,326,395
butler59 70,89,305,324
butler60 74,74,204,204
butler61 92,163,307,378
butler62 120,285,609,774
butler63 462,24,863,425
butler64 304,142,577,415
butler65 108,25,365,282
butler66 49,53,227,231
butler67 406,202,713,509
butler68 30,60,235,265
butler69 171,223,554,606
butler70 66,193,357,484
butler71 206,314,690,798
butler72 117,100,286,269
butler73 196,220,689,713
butler74 411,127,942,658
butler75 78,64,205,191
butler76 355,139,705,489
butler77 321,242,677,598
butler78 363,193,606,436
butler79 382,191,1218,1027
butler80 273,419,929,1075
butler81 23,70,149,196
butler82 59,26,164,131
butler83 141,198,356,413
butler84 198,355,758,915
butler85 14,64,132,182
butler86 379,94,1314,1029
butler87 167,56,272,161
butler88 78,90,294,306
butler89 283,146,523,386
butler90 291,148,501,358
butler91 111,188,422,499
butler92 44,78,244,278
butler93 196,123,432,359
butler94 171,270,585,684
butler95 1025,495,1916,1386
butler96 87,101,267,281
butler97 196,296,668,768
butler98 167,55,283,171
butler99 168,50,288,170
butler100 313,258,710,655
butler101 189,230,587,628
butler102 177,25,342,190
butler103 84,61,220,197
butler104 316,188,562,434
butler105 451,112,764,425
butler106 108,74,321,287
butler107 240,284,735,779
butler108 139,99,345,305
butler109 24,80,135,191
butler110 298,167,514,383
butler111 371,25,619,273
butler112 725,324,1060,659
butler113 67,71,412,416
butler114 83,42,210,169
butler115 248,189,643,584
butler116 442,27,1311,896
butler117 463,135,846,518
butler118 84,88,251,255
butler119 79,40,244,205
butler120 318,154,610,446
butler121 72,43,183,154
butler122 355,160,620,425
butler123 247,208,611,572
butler124 29,48,151,170
butler125 251,109,540,398
butler126 44,79,243,278
butler127 146,242,684,780
butler128 850,591,2092,1833
butler129 373,125,1403,1155
butler130 128,439,767,1078
butler131 274,159,765,650
butler132 64,75,221,232
butler133 69,133,283,347
butler134 217,105,425,313
butler135 437,89,567,219
butler136 69,130,429,490
butler137 120,115,351,346
butler138 99,72,213,186
butler139 85,98,219,232
butler140 209,386,732,909
butler141 57,52,160,155
vartan0 51,66,187,202
vartan1 241,35,361,155
vartan2 468,82,666,280
vartan3 224,163,510,449
vartan4 43,93,211,261
vartan5 322,52,1296,1026
vartan6 191,224,666,699
vartan7 432,127,619,314
vartan8 173,130,401,358
vartan9 503,126,916,539
vartan10 44,39,152,147
vartan11 250,285,885,920
vartan12 670,329,1339,998
vartan13 14,38,125,149
vartan14 44,62,176,194
vartan15 246,71,374,199
vartan16 269,90,538,359
vartan17 152,203,581,632
vartan18 69,93,206,230
vartan19 141,68,263,190
vartan20 16,37,203,224
vartan21 224,80,397,253
vartan22 33,32,136,135
vartan23 119,133,306,320
vartan24 104,60,226,182
vartan25 18,59,130,171
vartan26 467,153,785,471
vartan27 147,88,339,280
vartan28 144,213,481,550
vartan29 63,80,212,229
vartan30 250,136,475,361
vartan31 404,217,794,607
vartan32 29,53,134,158
vartan33 49,102,187,240
vartan34 153,97,326,270
vartan35 72,163,403,494
vartan36 151,18,336,203
vartan37 231,146,540,455
vartan38 83,146,350,413
vartan39 35,41,148,154
vartan40 552,223,1072,743
vartan41 70,121,271,322
vartan42 35,48,147,160
vartan43 126,257,500,631
vartan44 71,80,209,218
vartan45 24,67,157,200
vartan46 263,192,566,495
vartan47 270,107,392,229
vartan48 31,31,151,151
vartan49 58,61,182,185
vartan50 142,105,317,280
vartan51 23,41,129,147
vartan52 109,24,291,206
vartan53 424,127,712,415
vartan54 48,96,212,260
vartan55 11,28,118,135
vartan56 108,73,211,176
vartan57 78,27,261,210
vartan58 67,41,170,144
vartan59 67,86,229,248
vartan60 515,140,741,366
vartan61 60,95,240,275
vartan62 427,200,906,679
vartan63 29,36,144,151
vartan64 161,120,374,333
vartan65 814,139,1019,344
vartan66 230,278,499,547
vartan67 59,86,184,211
vartan68 229,69,359,199
vartan69 250,90,444,284
vartan70 330,156,444,270
vartan71 48,116,387,455
vartan72 123,111,237,225
vartan73 13,153,386,526
vartan74 134,75,252,193
vartan75 34,162,301,429
vartan76 193,118,405,330
vartan77 40,11,152,123
vartan78 272,406,607,741
vartan79 42,8,181,147
vartan80 114,225,514,625
vartan81 167,92,346,271
vartan82 312,138,607,433
vartan83 410,501,542,633
vartan84 199,68,374,243
vartan85 590,124,911,445
vartan86 26,169,254,397
vartan87 488,195,776,483
vartan88 335,170,625,460
vartan89 45,114,170,239
vartan90 244,120,374,250
vartan91 417,129,650,362
vartan92 126,63,281,218
vartan93 271,165,637,531
vartan94 390,104,676,390
vartan95 270,93,593,416
vartan96 99,28,207,136
vartan97 73,97,304,328
vartan98 164,185,451,472
vartan99 294,135,479,320
vartan100 54,116,260,322
vartan101 299,155,499,355
vartan102 120,71,282,233
vartan103 146,57,249,160
vartan104 288,266,686,664
vartan105 198,66,398,266
vartan106 66,35,177,146
vartan107 112,59,229,176
vartan108 228,67,384,223
vartan109 547,205,829,487
vartan110 347,210,675,538
vartan111 122,164,335,377
vartan112 117,106,312,301
vartan113 92,102,219,229
vartan114 179,83,282,186
vartan115 153,81,355,283
vartan116 716,210,940,434
vartan117 143,125,292,274
vartan118 199,139,368,308
vartan119 293,71,443,221
vartan120 116,85,243,212
vartan121 480,96,655,271
vartan122 160,111,347,298
vartan123 197,169,434,406
vartan124 465,219,745,499
vartan125 103,37,219,153
vartan126 297,139,607,449
vartan127 80,135,290,345
vartan128 18,49,131,162
vartan129 39,49,191,201
vartan130 613,360,1009,756
vartan131 115,138,335,358
vartan132 18,58,129,169
vartan133 327,69,459,201
vartan134 132,128,373,369
vartan135 2,62,138,198
vartan136 82,113,311,342
vartan137 582,232,1021,671
vartan138 37,47,148,158
vartan139 28,159,269,400
vartan140 156,102,272,218
chenoweth0 768,799,1397,1428
chenoweth1 692,551,1574,1433
chenoweth2 71,291,758,978
chenoweth3 56,71,169,184
chenoweth4 175,253,461,539
chenoweth5 98,87,246,235
chenoweth6 859,808,1415,1364
chenoweth7 369,357,791,779
chenoweth8 354,443,788,877
chenoweth9 105,64,236,195
chenoweth10 139,133,305,299
chenoweth11 139,32,248,141
chenoweth12 120,111,280,271
chenoweth13 447,478,1159,1190
chenoweth14 254,134,626,506
chenoweth15 885,750,1547,1412
chenoweth16 221,271,586,636
chenoweth17 50,39,164,153
chenoweth18 217,185,525,493
chenoweth19 140,115,319,294
chenoweth20 96,128,294,326
chenoweth21 100,83,212,195
chenoweth22 107,72,239,204
chenoweth23 199,257,615,673
chenoweth24 128,104,283,259
chenoweth25 173,239,518,584
chenoweth26 139,37,258,156
chenoweth27 201,305,596,700
chenoweth28 286,230,622,566
chenoweth29 437,574,1189,1326
chenoweth30 373,306,856,789
chenoweth31 260,108,410,258
chenoweth32 196,396,671,871
chenoweth33 45,98,204,257
chenoweth34 89,100,286,297
chenoweth35 172,390,661,879
chenoweth36 246,255,613,622
chenoweth37 126,48,262,184
chenoweth38 93,65,213,185
chenoweth39 88,113,227,252
chenoweth40 307,258,643,594
chenoweth41 62,53,175,166
chenoweth42 235,233,712,710
chenoweth43 66,57,176,167
chenoweth44 640,256,1025,641
chenoweth45 164,244,417,497
chenoweth46 146,176,347,377
chenoweth47 128,57,239,168
chenoweth48 148,113,289,254
chenoweth49 129,129,254,254
chenoweth50 162,24,287,149
chenoweth51 391,228,665,502
chenoweth52 109,69,231,191
chenoweth53 206,112,346,252
chenoweth54 163,60,276,173
chenoweth55 125,116,284,275
chenoweth56 164,134,359,329
chenoweth57 228,305,722,799
chenoweth58 369,106,668,405
chenoweth59 123,141,327,345
chenoweth60 533,501,885,853
chenoweth61 107,86,258,237
chenoweth62 675,612,1406,1343
chenoweth63 773,718,1400,1345
chenoweth64 74,65,192,183
chenoweth65 185,240,656,711
chenoweth66 115,47,232,164
chenoweth67 151,145,349,343
chenoweth68 313,307,536,530
chenoweth69 1030,755,1349,1074
chenoweth70 815,445,1021,651
chenoweth71 92,93,279,280
chenoweth72 263,332,752,821
chenoweth73 584,224,1190,830
chenoweth74 119,104,318,303
chenoweth75 370,368,883,881
chenoweth76 82,84,219,221
chenoweth77 165,99,304,238
chenoweth78 217,72,397,252
chenoweth79 322,92,449,219
chenoweth80 514,473,730,689
chenoweth81 375,97,720,442
chenoweth82 185,104,435,354
chenoweth83 406,192,784,570
chenoweth84 166,158,397,389
chenoweth85 103,107,262,266
chenoweth86 250,313,772,835
chenoweth87 101,100,222,221
chenoweth88 358,166,617,425
chenoweth89 62,49,165,152
chenoweth90 252,238,601,587
chenoweth91 418,178,650,410
chenoweth92 202,164,426,388
chenoweth93 265,203,568,506
chenoweth94 1325,814,1609,1098
chenoweth95 634,558,1169,1093
chenoweth96 402,306,794,698
chenoweth97 178,66,284,172
chenoweth98 111,125,286,300
chenoweth99 286,312,636,662
chenoweth100 177,37,287,147
chenoweth101 599,453,1182,1036
chenoweth102 1017,138,1346,467
chenoweth103 360,223,647,510
chenoweth104 133,59,243,169
chenoweth105 80,49,227,196
chenoweth106 125,63,271,209
chenoweth107 57,43,160,146
chenoweth108 274,428,906,1060
chenoweth109 312,236,633,557
chenoweth110 237,408,719,890
chenoweth111 396,167,528,299
chenoweth112 138,80,273,215
chenoweth113 124,175,513,564
chenoweth114 667,276,1397,1006
chenoweth115 88,120,247,279
chenoweth116 166,87,282,203
chenoweth117 412,208,678,474
chenoweth118 519,786,1402,1669
chenoweth119 612,600,1028,1016
chenoweth120 244,31,392,179
chenoweth121 279,291,538,550
chenoweth122 334,145,539,350
chenoweth123 143,107,317,281
chenoweth124 98,80,222,204
chenoweth125 210,208,346,344
chenoweth126 160,57,281,178
chenoweth127 234,65,427,258
chenoweth128 83,122,369,408
chenoweth129 131,126,297,292
chenoweth130 446,201,555,310
chenoweth131 248,117,377,246
chenoweth132 146,136,319,309
chenoweth133 734,588,963,817
chenoweth134 109,16,223,130
chenoweth135 408,111,532,235
chenoweth136 175,57,293,175
chenoweth137 77,90,220,233
chenoweth138 150,76,346,272
chenoweth139 481,218,596,333
chenoweth140 107,66,260,219
chenoweth141 316,184,542,410
chenoweth142 83,91,191,199
chenoweth143 143,163,372,392
chenoweth144 633,160,999,526
chenoweth145 142,141,334,333
chenoweth146 66,128,252,314
chenoweth147 283,42,405,164
chenoweth148 229,109,363,243
chenoweth149 342,89,481,228
chenoweth150 122,95,238,211
chenoweth151 658,157,1004,503
chenoweth152 332,125,460,253
chenoweth153 150,146,361,357
chenoweth154 205,79,390,264
chenoweth155 137,58,278,199
chenoweth156 316,412,490,586
chenoweth157 242,62,402,222
chenoweth158 130,157,345,372
chenoweth159 193,194,454,455
chenoweth160 85,121,265,301
chenoweth161 205,93,342,230
chenoweth162 75,61,202,188
chenoweth163 156,94,285,223
chenoweth164 214,28,325,139
chenoweth165 100,176,306,382
chenoweth166 95,43,293,241
chenoweth167 368,376,847,855
chenoweth168 270,80,403,213
chenoweth169 109,109,278,278
chenoweth170 279,169,518,408
chenoweth171 133,164,388,419
chenoweth172 211,114,377,280
chenoweth173 124,174,376,426
drescher0 553,430,1392,1269
drescher1 580,231,1291,942
drescher2 501,317,941,757
drescher3 583,445,1240,1102
drescher4 748,519,1529,1300
drescher5 273,267,673,667
drescher6 201,266,655,720
drescher7 322,255,760,693
drescher8 308,296,742,730
drescher9 370,819,1518,1967
drescher10 205,109,383,287
drescher11 561,316,1291,1046
drescher12 1600,1068,2640,2108
drescher13 291,323,995,1027
drescher14 631,235,945,549
drescher15 198,237,500,539
drescher16 542,449,1236,1143
drescher17 460,461,1274,1275
drescher18 673,253,1025,605
drescher19 516,524,1323,1331
drescher20 130,125,306,301
drescher21 551,354,1235,1038
drescher22 795,320,1205,730
drescher23 163,75,329,241
drescher24 578,195,1054,671
drescher25 167,139,434,406
drescher26 264,226,700,662
drescher27 253,288,635,670
drescher28 445,315,1094,964
drescher29 52,38,155,141
drescher30 462,431,1144,1113
drescher31 693,594,2097,1998
drescher32 153,87,262,196
drescher33 833,249,1119,535
drescher34 276,291,943,958
drescher35 161,35,279,153
drescher36 705,268,1006,569
drescher37 116,38,239,161
drescher38 525,476,1054,1005
drescher39 289,75,511,297
drescher40 504,217,781,494
drescher41 983,648,1946,1611
drescher42 171,195,485,509
drescher43 1003,1171,2209,2377
drescher44 663,249,1028,614
drescher45 572,241,1078,747
drescher46 101,40,261,200
drescher47 134,179,409,454
drescher48 232,134,668,570
drescher49 426,302,1191,1067
drescher50 538,422,1197,1081
drescher51 427,328,1056,957
drescher52 723,221,1015,513
drescher53 479,376,1058,955
drescher54 827,419,1396,988
drescher55 699,296,1066,663
drescher56 477,257,841,621
drescher57 898,570,1843,1515
drescher58 655,181,920,446
drescher59 569,247,1542,1220
drescher60 463,164,586,287
drescher61 196,61,377,242
drescher62 308,366,823,881
drescher63 139,92,326,279
drescher64 358,187,662,491
drescher65 571,629,1414,1472
drescher66 286,350,870,934
drescher67 164,102,324,262
drescher68 101,122,293,314
drescher69 208,143,432,367
drescher70 621,478,1056,913
drescher71 155,145,363,353
drescher72 163,132,341,310
drescher73 267,389,648,770
drescher74 147,118,293,264
drescher75 110,110,264,264
drescher76 89,53,197,161
drescher77 209,184,428,403
drescher78 282,191,542,451
drescher79 265,111,486,332
drescher80 624,290,1078,744
drescher81 151,101,274,224
drescher82 224,122,394,292
drescher83 814,247,1101,534
drescher84 149,125,388,364
drescher85 148,82,271,205
drescher86 139,119,272,252
drescher87 787,433,1671,1317
drescher88 285,146,541,402
drescher89 114,108,303,297
drescher90 509,285,804,580
drescher91 313,98,508,293
drescher92 304,85,435,216
drescher93 403,103,512,212
drescher94 136,85,326,275
drescher95 66,36,183,153
drescher96 412,123,548,259
drescher97 124,180,297,353
drescher98 188,233,769,814
drescher99 198,169,378,349
drescher100 127,131,356,360
drescher101 94,82,276,264
drescher102 179,97,316,234
drescher103 168,141,354,327
drescher104 436,116,547,227
drescher105 100,65,236,201
drescher106 434,169,544,279
drescher107 184,75,364,255
drescher108 108,121,289,302
drescher109 292,78,500,286
drescher110 103,36,206,139
drescher111 258,56,365,163
drescher112 232,59,374,201
drescher113 165,141,372,348
drescher114 112,96,320,304
drescher115 81,120,277,316
drescher116 206,72,410,276
drescher117 187,85,312,210
drescher118 427,343,737,653
drescher119 345,172,554,381
drescher120 531,524,1490,1483
drescher121 267,365,821,919
drescher122 116,111,305,300
drescher123 290,117,443,270
drescher124 275,142,445,312
drescher125 952,291,1224,563
drescher126 688,152,918,382
drescher127 114,114,354,354
drescher128 139,109,292,262
drescher129 213,128,377,292
drescher130 805,691,1267,1153
drescher131 201,84,348,231
drescher132 124,80,227,183
drescher133 133,95,290,252
drescher134 366,129,517,280
drescher135 161,96,269,204
drescher136 222,98,467,343
drescher137 158,68,350,260
drescher138 246,108,361,223
drescher139 549,210,889,550
drescher140 211,85,354,228
drescher141 114,74,259,219
drescher142 195,59,317,181
drescher143 63,74,183,194
drescher144 432,168,740,476
drescher145 80,155,260,335
drescher146 591,225,944,578
drescher147 133,65,340,272
drescher148 275,218,475,418
drescher149 159,170,321,332
drescher150 112,95,243,226
drescher151 90,122,360,392
drescher152 125,86,240,201
drescher153 125,125,375,375
drescher154 118,157,337,376
drescher155 84,43,187,146
drescher156 120,139,278,297
drescher157 223,121,393,291
drescher158 168,140,450,422
drescher159 329,264,799,734
drescher160 114,63,248,197
drescher161 71,165,297,391
drescher162 96,173,393,470
drescher163 210,95,377,262
drescher164 204,60,307,163
drescher165 173,172,427,426
drescher166 596,98,848,350
drescher167 122,26,256,160
drescher168 128,97,255,224
drescher169 97,120,286,309
drescher170 125,143,232,250
drescher171 128,66,257,195
drescher172 122,49,291,218
drescher173 203,222,412,431
ferrera0 364,244,486,366
ferrera1 80,50,243,213
ferrera2 432,249,766,583
ferrera3 154,145,413,404
ferrera4 209,192,600,583
ferrera5 251,229,685,663
ferrera6 173,314,667,808
ferrera7 254,313,726,785
ferrera8 108,78,298,268
ferrera9 207,320,566,679
ferrera10 240,254,365,379
ferrera11 157,93,317,253
ferrera12 187,83,533,429
ferrera13 102,66,231,195
ferrera14 48,95,211,258
ferrera15 188,107,402,321
ferrera16 196,94,319,217
ferrera17 360,151,596,387
ferrera18 48,58,238,248
ferrera19 213,163,524,474
ferrera20 237,208,536,507
ferrera21 1796,290,1937,431
ferrera22 53,80,193,220
ferrera23 172,16,286,130
ferrera24 72,64,194,186
ferrera25 120,71,283,234
ferrera26 105,124,315,334
ferrera27 92,59,279,246
ferrera28 257,211,606,560
ferrera29 61,78,229,246
ferrera30 274,217,713,656
ferrera31 266,78,371,183
ferrera32 234,73,430,269
ferrera33 87,260,815,988
ferrera34 250,279,759,788
ferrera35 274,287,526,539
ferrera36 187,129,398,340
ferrera37 505,121,638,254
ferrera38 186,174,289,277
ferrera39 760,108,876,224
ferrera40 258,94,465,301
ferrera41 106,103,286,283
ferrera42 102,15,270,183
ferrera43 246,80,394,228
ferrera44 165,100,313,248
ferrera45 401,117,523,239
ferrera46 148,136,427,415
ferrera47 217,238,693,714
ferrera48 119,97,279,257
ferrera49 336,190,706,560
ferrera50 158,91,341,274
ferrera51 342,72,462,192
ferrera52 405,379,949,923
ferrera53 725,608,1566,1449
ferrera54 130,44,240,154
ferrera55 280,99,399,218
ferrera56 380,76,503,199
ferrera57 127,100,378,351
ferrera58 185,305,651,771
ferrera59 72,65,195,188
ferrera60 128,222,529,623
ferrera61 114,82,289,257
ferrera62 215,273,907,965
ferrera63 489,197,604,312
ferrera64 304,164,554,414
ferrera65 65,51,252,238
ferrera66 177,142,385,350
ferrera67 134,41,237,144
ferrera68 82,34,191,143
ferrera69 402,124,558,280
ferrera70 433,134,721,422
ferrera71 301,171,540,410
ferrera72 208,157,466,415
ferrera73 232,209,574,551
ferrera74 120,24,223,127
ferrera75 236,168,525,457
ferrera76 147,109,318,280
ferrera77 116,135,321,340
ferrera78 268,265,707,704
ferrera79 88,47,199,158
ferrera80 181,161,470,450
ferrera81 262,237,590,565
ferrera82 114,132,360,378
ferrera83 66,73,202,209
ferrera84 286,116,464,294
ferrera85 229,228,554,553
ferrera86 92,100,253,261
ferrera87 135,91,320,276
ferrera88 349,217,658,526
ferrera89 342,551,1048,1257
ferrera90 259,832,790,1363
ferrera91 253,206,594,547
ferrera92 133,192,383,442
ferrera93 18,42,190,214
ferrera94 434,545,1133,1244
ferrera95 42,80,158,196
ferrera96 76,99,227,250
ferrera97 51,54,204,207
ferrera98 286,193,470,377
ferrera99 91,39,204,152
ferrera100 127,174,390,437
ferrera101 451,47,1013,609
ferrera102 366,132,950,716
ferrera103 359,248,658,547
ferrera104 341,141,455,255
ferrera105 126,222,528,624
ferrera106 51,34,191,174
ferrera107 81,91,200,210
ferrera108 88,96,308,316
ferrera109 136,107,303,274
ferrera110 238,24,780,566
ferrera111 253,187,364,298
ferrera112 123,25,226,128
ferrera113 46,291,792,1037
ferrera114 135,113,325,303
ferrera115 86,128,408,450
ferrera116 138,25,241,128
ferrera117 197,168,332,303
ferrera118 283,162,421,300
ferrera119 118,115,285,282
ferrera120 98,66,275,243
ferrera121 85,106,260,281
ferrera122 344,256,598,510
ferrera123 697,232,1420,955
ferrera124 100,153,369,422
ferrera125 109,223,585,699
ferrera126 145,53,265,173
ferrera127 250,113,438,301
ferrera128 30,108,185,263
ferrera129 140,84,268,212
ferrera130 388,536,1282,1430
ferrera131 124,76,256,208
ferrera132 111,39,285,213
ferrera133 284,216,647,579
ferrera134 71,87,287,303
ferrera135 783,84,976,277
ferrera136 134,55,264,185
ferrera137 174,122,333,281
ferrera138 67,42,179,154
ferrera139 28,46,147,165
ferrera140 107,90,286,269
ferrera141 348,69,520,241
ferrera142 69,85,228,244
ferrera143 74,75,209,210
ferrera144 136,116,312,292
ferrera145 124,89,391,356
ferrera146 508,389,815,696
ferrera147 131,63,251,183
ferrera148 89,40,205,156
ferrera149 148,100,353,305
ferrera150 97,30,200,133
ferrera151 81,99,289,307
ferrera152 65,65,190,190
ferrera153 57,37,171,151
ferrera154 358,75,526,243
ferrera155 264,164,541,441
ferrera156 212,329,371,488
ferrera157 414,91,568,245
ferrera158 34,20,198,184
ferrera159 524,102,873,451
ferrera160 127,64,254,191
ferrera161 37,63,193,219
ferrera162 285,168,614,497
ferrera163 192,216,532,556
ferrera164 207,179,332,304
ferrera165 441,366,813,738
ferrera166 69,37,174,142
ferrera167 114,52,217,155
ferrera168 283,55,392,164
ferrera169 313,224,590,501
ferrera170 100,114,260,274
ferrera171 69,84,228,243
ferrera172 71,131,250,310
ferrera173 110,72,242,204
ferrera174 92,56,220,184
ferrera175 104,105,220,221
ferrera176 37,38,142,143
ferrera177 85,102,297,314
ferrera178 176,111,342,277
ferrera179 100,81,245,226
ferrera180 46,62,186,202
ferrera181 59,79,192,212
ferrera182 113,66,243,196
ferrera183 147,107,280,240
ferrera184 78,65,185,172
ferrera185 93,76,232,215
ferrera186 109,117,318,326
